0
261.63
500
500
261.63
500
1000
261.63
1000
2000
261.63
1750
3750
261.63
500
4250
349.23
1750
7000
261.63
4000
11000
349.23
5000
16000
311.13
1000
21000
261.63
4000
25000
349.23
4000
29000
311.13
4000
36000
349.23
4000
40000
311.13
1000
43000
349.23
3000
46000
311.13
4000
51000
311.13
3000
54000
311.13
3500
57500
311.13
500
58000
311.13
3000
61000
466.16
3000
67000
311.13
2500
69500
466.16
500
71000
311.13
1250
72250
466.16
750
74000
311.13
2000
76000
466.16
3000
83000
466.16
1000
84000
466.16
250
84250
466.16
3000
87250
466.16
3750
92000
466.16
3000
95000
466.16
3000
98000
523.25
3000
103000
466.16
1000
104000
466.16
250
104250
523.25
1750
108500
466.16
3500
112000
466.16
1000
113000
523.25
3000
118750
466.16
250
119000
523.25
3000
124000
523.25
1000
125000
523.25
2000
127000
523.25
2000
129000
523.25
4000
134000
523.25
2000
136000
523.25
3000
140250
523.25
2250
142500
523.25
2500
146000
523.25
1750
147750
523.25
2000
149750
622.25
2250
153000
523.25
3250
156250
622.25
1750
159250
523.25
2500
161750
622.25
1250
164250
523.25
1750
166000
622.25
1000
168000
622.25
1750
169750
587.33
2250
174000
622.25
1000
175000
587.33
1000
177000
622.25
3000
180000
587.33
1000
181000
622.25
1000
182000
587.33
3000
185000
587.33
1750
186750
523.25
1250
189000
587.33
1000
190000
523.25
1000
191000
622.25
1000
194000
587.33
1000
195000
523.25
2500
197500
622.25
500
199000
587.33
1000
200000
523.25
1500
201500
622.25
500
202250
523.25
750
203000
622.25
1000
204000
261.63
2000
206000
622.25
1000
207000
261.63
1000
208000
622.25
3000
211000
261.63
1000
212000
622.25
750
212750
261.63
1250
215000
261.63
1000
216000
261.63
1000
217000
261.63
1500
218500
349.23
500
220000
261.63
1000
221000
261.63
1000
222000
349.23
2500
224500
261.63
500
226000
261.63
1000
227000
349.23
2000
229000
261.63
1000
231250
261.63
1750
233000
261.63
250
233250
261.63
1250
234500
261.63
1500
238000
261.63
1000
239000
523.25
1250
240250
622.25
1750
242000
523.25
1000
244000
622.25
1250
245250
523.25
2750
248000
622.25
1000
250500
698.46
2500
253000
523.25
250
253250
622.25
1750
256000
698.46
3000
259000
622.25
250
259250
698.46
1750
262000
523.25
2000
264000
622.25
2000
267000
698.46
1750
268750
523.25
500
269250
698.46
1750
272000
523.25
3000
275000
698.46
1000
278000
523.25
2000
280000
523.25
1000
281000
523.25
2000
284000
523.25
1000
285000
523.25
1000
286000
523.25
1000
289500
523.25
1500
291000
523.25
1000
293500
466.16
750
294250
523.25
1750
296000
466.16
2000
298500
523.25
1000
299500
466.16
500
302000
466.16
2750
304750
523.25
1250
308000
466.16
2000
310000
466.16
1000
311000
349.23
2000
314750
466.16
250
315000
466.16
2000
318000
349.23
3000
321000
466.16
1500
322500
466.16
1500
326000
349.23
1250
327250
466.16
1500
328750
349.23
1250
330000
415.3
1000
332000
349.23
1000
333000
415.3
1000
334000
349.23
1000
336000
415.3
1000
337000
349.23
3000
340000
415.3
1000
341250
392.0
1750
343000
415.3
2250
345250
392.0
500
345750
415.3
1750
347500
415.3
1500
351000
392.0
1750
352750
415.3
1250
356000
415.3
3000
359000
392.0
500
359500
415.3
500
362000
415.3
2500
364500
523.25
500
365000
415.3
2000
368750
523.25
2250
371000
523.25
2000
373000
415.3
3000
377250
523.25
2000
379250
523.25
2750
382000
415.3
1000
385000
523.25
2000
387000
523.25
1000
389500
523.25
1750
391250
587.33
1750
393000
523.25
2000
397000
587.33
1500
398500
523.25
1500
400000
587.33
2000
403000
523.25
1500
404500
587.33
1500
406000
587.33
1000
408000
523.25
1000
409000
587.33
2000
411000
523.25
2000
413000
587.33
1000
414500
523.25
2250
416750
587.33
3250
420500
523.25
500
421000
523.25
2000
426000
349.23
1000
427000
523.25
2000
431000
349.23
2000
433000
311.13
2000
437000
523.25
1750
438750
349.23
3250
443000
311.13
2000
445000
523.25
3000
449000
349.23
1750
450750
311.13
2250
455000
349.23
2000
457000
311.13
1500
458500
311.13
2500
464000
349.23
1000
465000
311.13
2500
467500
349.23
2500
471000
311.13
2000
473000
349.23
2750
475750
311.13
2250
480000
349.23
1750
481750
349.23
2250
487000
466.16
1250
488250
349.23
1750
493000
466.16
1000
494000
349.23
2000
498000
466.16
500
498500
349.23
1500
502000
466.16
1000
503000
466.16
1000
505000
466.16
1000
506000
466.16
2000
510000
466.16
4000
514000
466.16
1000
517000
466.16
3000
520000
466.16
750
520750
466.16
2250
523000
466.16
2000
528000
466.16
1000
529000
415.3
2000
534000
466.16
4000
538000
415.3
1000
542000
523.25
4000
546000
466.16
3000
552000
415.3
500
552500
523.25
2500
558000
466.16
1000
559000
415.3
1500
560500
523.25
2500
567750
415.3
1250
569000
523.25
3000
572000
523.25
4000
576500
523.25
2500
579000
523.25
3500
582500
523.25
500
586000
523.25
2500
588500
523.25
500
589000
523.25
1000
591000
523.25
3000
594000
523.25
4000
598750
523.25
2250
601000
523.25
4000
605000
622.25
3000
608000
523.25
2000
613000
622.25
2250
615250
523.25
750
617000
622.25
1000
618000
523.25
1000
620000
622.25
1000
621000
622.25
2000
623000
622.25
3750
626750
622.25
250
628000
523.25
2250
630250
622.25
2750
634000
523.25
2250
636250
622.25
2750
641000
523.25
2000
643000
622.25
2000
646000
523.25
2000
648000
523.25
1000
649000
523.25
1000
650000
466.16
1000
652000
523.25
1000
653000
466.16
2000
658750
392.0
250
659000
523.25
1000
662000
466.16
3000
665000
392.0
1000
668000
523.25
2000
670000
466.16
1000
671000
392.0
2000
674000
466.16
2250
676250
392.0
250
676500
392.0
1500
679000
311.13
1000
680000
392.0
750
680750
311.13
1250
682000
392.0
2000
684000
311.13
2750
686750
349.23
250
688000
392.0
1500
689500
311.13
2500
692000
349.23
2000
694000
311.13
2000
697000
349.23
1000
698000
311.13
2000
701000
349.23
250
701250
349.23
750
702000
293.66
1000
704000
349.23
2000
706000
293.66
2500
708500
349.23
500
710000
293.66
2000
712000
261.63
2000
715000
349.23
1250
716250
293.66
1750
720000
261.63
750
720750
293.66
2250
724000
261.63
1000
725000
261.63
1000
727000
349.23
1000
728000
261.63
2000
730000
349.23
1000
732000
261.63
750
732750
349.23
2250
735000
311.13
1000
737000
261.63
2000
739000
349.23
1000
740500
311.13
500
741000
349.23
1000
744000
311.13
1000
745000
349.23
1000
746750
311.13
1750
748500
466.16
500
749000
311.13
1000
750000
466.16
1000
751000
311.13
2250
753250
466.16
500
753750
349.23
1000
754750
311.13
250
757000
466.16
1000
758000
349.23
1000
759000
523.25
1000
763000
466.16
250
763250
349.23
750
765750
523.25
2250
768000
349.23
250
768250
523.25
1750
771750
523.25
1250
773000
392.0
2500
775500
349.23
3500
779000
523.25
1000
782250
523.25
2750
785000
392.0
1000
786000
523.25
2000
790250
523.25
2750
793000
392.0
1000
794000
523.25
2000
796000
523.25
1000
799500
523.25
1500
801000
392.0
1000
802000
523.25
2000
804000
392.0
500
805000
523.25
5000
810000
523.25
6000
816000
392.0
1000
817000
523.25
5000
827000
523.25
750
827750
523.25
4500
832250
523.25
4750
837000
523.25
1000
842000
523.25
4000
846000
466.16
1000
847000
523.25
1000
849000
466.16
1250
850250
523.25
3250
853500
466.16
4500
859000
523.25
3000
862000
466.16
4000
866000
466.16
3250
869250
311.13
3750
873000
466.16
3000
878000
311.13
1000
879000
466.16
2000
885000
311.13
4250
889250
349.23
750
894000
466.16
4000
898000
311.13
1000
902000
349.23
4000
906000
311.13
4000
913000
349.23
1000
914000
311.13
2000
920000
349.23
5000
925000
349.23
2000
927000
349.23
4000
936000
349.23
1000
937000
349.23
4000
941000
349.23
5000
946000
349.23
4000
950000
261.63
4000
954500
349.23
500
955000
261.63
1000
958000
349.23
2250
960250
261.63
1750
962000
349.23
1000
963000
261.63
1000
964000
261.63
1000
965000
261.63
500
965500
261.63
500
966250
349.23
250
966500
261.63
500
968000
349.23
1000
969000
261.63
2000
971500
349.23
1500
973000
261.63
1500
974500
349.23
500
975000
349.23
2000
977000
349.23
1000
978000
349.23
1500
979500
311.13
250
979750
349.23
250
981000
311.13
1000
982000
349.23
1000
985000
311.13
1000
986000
349.23
2000
989000
311.13
500
989500
311.13
500
990000
311.13
2000
992000
311.13
1000
993250
311.13
1250
994500
311.13
500
995333
415.3
333
995667
311.13
1083
996750
415.3
250
997000
311.13
750
997750
415.3
250
998000
311.13
1000
999000
415.3
1000
1000000
415.3
1000
1001000
415.3
1000
1002000
415.3
2000
1005000
415.3
500
1005500
415.3
1500
1008000
415.3
750
1008750
466.16
250
1009500
415.3
250
1009750
466.16
250
1010500
523.25
500
1011000
415.3
500
1011500
466.16
500
1012000
523.25
1000
1013000
415.3
2000
1015000
466.16
4000
1019000
523.25
6000
1026000
466.16
4000
1030000
523.25
5500
1035500
523.25
500
1040500
523.25
4500
1045000
523.25
5000
1050000
523.25
4000
1054000
523.25
1000
1055000
523.25
1000
1056000
523.25
2000
1058000
523.25
2000
1060000
698.46
1000
1061000
523.25
1000
1062000
523.25
3000
1065000
698.46
500
1065500
523.25
500
1066000
523.25
1000
