0
523.25
500
500
523.25
500
1000
523.25
1000
2000
523.25
1500
3500
523.25
500
4000
349.23
2000
8000
523.25
500
8500
349.23
1500
11500
523.25
500
12000
349.23
3500
15500
622.25
4500
21000
523.25
4000
25000
349.23
4000
29000
622.25
1000
33000
523.25
4000
37000
349.23
1000
38000
622.25
4000
44000
349.23
1000
45000
622.25
1000
46500
622.25
1500
48000
622.25
3000
51000
622.25
4500
55500
622.25
500
56000
622.25
3500
59500
622.25
4500
64000
622.25
3000
67000
622.25
4000
71000
622.25
3500
74500
622.25
3500
78000
622.25
1000
79000
622.25
1000
96500
622.25
2500
99000
698.46
1000
102000
622.25
2000
104000
698.46
1000
105000
622.25
2000
107000
698.46
3000
110000
698.46
3000
113000
698.46
4000
117000
698.46
1000
118000
932.33
2000
123500
698.46
500
124000
932.33
500
124500
622.25
3500
129500
698.46
500
130000
932.33
2000
132000
622.25
3000
135000
698.46
1000
136000
932.33
1000
137000
622.25
1000
140000
932.33
1000
141000
622.25
3000
146500
622.25
500
147000
622.25
1000
148000
622.25
1500
149500
349.23
2500
152500
622.25
500
153000
349.23
2000
155000
523.25
2500
157500
622.25
2000
159500
349.23
1500
161000
523.25
1000
163000
622.25
1000
164000
349.23
1500
165500
523.25
2000
167500
349.23
1500
169000
523.25
3000
172000
523.25
1000
173000
523.25
1500
174500
349.23
2500
177000
523.25
500
177500
349.23
1500
179000
622.25
2500
181500
523.25
1500
183000
349.23
1000
184000
622.25
2000
187000
523.25
2000
189000
349.23
1000
190000
622.25
2000
192000
349.23
1000
193000
622.25
1000
195000
622.25
1500
196500
349.23
1500
198000
622.25
1000
199000
349.23
1500
200500
622.25
500
201000
349.23
1000
202000
523.25
1500
203500
622.25
1500
205000
349.23
2000
207000
523.25
1000
209000
622.25
1000
210000
349.23
3000
213000
523.25
1000
216000
349.23
2000
218000
523.25
1000
219000
523.25
1000
222000
523.25
500
222500
523.25
1500
224000
932.33
2000
227000
523.25
2000
229000
523.25
1000
230000
932.33
2000
233000
523.25
1000
234000
523.25
1500
235500
932.33
500
237500
523.25
500
238000
932.33
2000
240000
523.25
2000
242000
932.33
1500
243500
523.25
2000
245500
932.33
1000
246500
523.25
2500
249000
932.33
1000
250000
523.25
2000
252000
523.25
2000
254000
932.33
1000
255000
523.25
1500
256500
523.25
1500
259000
523.25
1000
260000
523.25
1000
261000
349.23
1000
264000
523.25
1000
265000
523.25
1000
266000
349.23
2000
269000
523.25
1000
270000
523.25
1000
271000
349.23
1000
272500
523.25
500
273000
349.23
2000
275000
523.25
3000
278000
349.23
2000
280000
523.25
2000
282000
523.25
1500
283500
349.23
1500
285000
523.25
2000
287000
523.25
1000
289000
349.23
2000
291000
523.25
1000
292000
523.25
2000
296000
523.25
1000
297000
523.25
1000
301000
523.25
500
301500
392.0
2500
304000
523.25
500
304500
392.0
1500
306000
349.23
2000
308000
523.25
1000
309000
392.0
1500
310500
349.23
3500
314000
523.25
500
314500
392.0
1500
316000
349.23
3000
319000
349.23
1500
320500
392.0
1500
323000
523.25
2500
324500
349.23
1500
328000
523.25
1500
330000
349.23
2000
334000
523.25
2000
335000
349.23
1000
337000
523.25
1000
339500
523.25
2500
340000
523.25
500
342000
392.0
1000
344000
523.25
2000
345000
523.25
1000
348000
392.0
1000
348500
523.25
500
350000
523.25
1500
354000
392.0
2000
355000
523.25
1000
356500
523.25
1500
359000
392.0
2500
360500
392.0
1500
362500
523.25
1500
364000
392.0
1500
367000
523.25
2000
369000
392.0
2000
371000
523.25
2000
372000
523.25
1000
374000
392.0
1000
376000
523.25
2000
377000
523.25
2000
379000
523.25
1000
380000
523.25
2000
381000
523.25
1000
383000
523.25
1000
384000
415.3
1000
387000
523.25
1000
389000
415.3
2000
390500
523.25
2000
392000
415.3
1500
396000
523.25
1500
398000
415.3
4000
401000
415.3
2000
402000
523.25
2000
404000
415.3
1000
406000
523.25
2000
407500
523.25
1000
409000
415.3
1500
413500
523.25
1500
414500
523.25
3000
416500
415.3
1000
421500
523.25
2000
423500
523.25
3500
427000
523.25
2000
428000
523.25
2500
433000
523.25
1000
434000
587.33
2000
435500
523.25
1000
440000
587.33
1500
442000
523.25
2500
442500
523.25
2000
445500
587.33
500
447000
523.25
3000
448000
523.25
1500
451000
587.33
1000
451500
523.25
2000
456500
587.33
500
457000
523.25
2500
460000
523.25
500
462500
698.46
1000
463500
523.25
2500
465500
698.46
1000
468000
523.25
2000
470000
698.46
2500
474000
523.25
2000
475500
698.46
2000
478000
698.46
1500
480000
622.25
2500
481500
698.46
2000
483000
622.25
1500
485000
698.46
1500
487000
622.25
1000
491000
698.46
2000
493000
622.25
4000
496000
622.25
2000
498000
783.99
3000
500500
622.25
2000
502500
783.99
2500
504000
622.25
1500
506000
622.25
1500
509000
783.99
2000
510000
622.25
2000
512000
622.25
1000
516000
783.99
2000
516500
622.25
4000
521333
783.99
500
521667
622.25
1500
524000
783.99
333
526500
622.25
333
529000
622.25
2500
531000
698.46
1500
533000
622.25
2000
534000
698.46
1000
535000
622.25
1000
537000
698.46
1000
539500
523.25
2000
543000
622.25
2500
544000
698.46
3500
546000
523.25
1000
550000
698.46
2000
552000
523.25
4000
554500
698.46
2000
557000
523.25
2500
561000
523.25
2500
561500
587.33
3000
563500
523.25
500
565000
587.33
2000
566500
523.25
1500
567000
523.25
1500
570000
587.33
500
573000
523.25
1000
574000
523.25
3000
579333
587.33
1000
579667
523.25
2000
584500
587.33
333
586500
523.25
2333
588500
523.25
2000
590000
523.25
2000
595000
523.25
1500
596000
523.25
2000
598000
523.25
1000
601500
523.25
2000
603000
392.0
3500
605500
523.25
1500
608000
523.25
2500
610000
392.0
500
612000
523.25
2000
615000
523.25
2000
615500
392.0
2000
620000
523.25
500
620500
392.0
2500
621000
392.0
500
625000
392.0
500
625500
523.25
3000
628000
392.0
500
629500
523.25
500
630000
392.0
1500
633000
523.25
500
635000
523.25
2000
635500
392.0
2000
638000
523.25
500
639000
523.25
2500
643500
523.25
1000
644000
523.25
1000
646000
523.25
500
648500
523.25
2000
649500
523.25
2500
651000
523.25
1000
655000
523.25
1500
656500
523.25
3000
659000
523.25
1500
660000
523.25
1500
662000
523.25
1000
663500
523.25
2000
666500
523.25
1500
668000
523.25
3000
669500
622.25
1500
672000
523.25
1500
674000
622.25
2500
676000
698.46
2000
676500
523.25
2000
679000
622.25
500
680000
698.46
1500
681000
523.25
1000
683000
622.25
1000
684500
698.46
1000
686000
622.25
1500
689000
698.46
1500
691000
698.46
3000
693000
523.25
1000
695000
698.46
2000
696000
523.25
1000
696500
523.25
1000
698500
698.46
1000
700500
523.25
500
702000
523.25
1500
706500
698.46
2000
707000
523.25
1500
709000
523.25
2000
711000
523.25
500
714000
523.25
1000
715500
523.25
2000
716000
466.16
1000
719000
523.25
1500
721000
466.16
500
723000
523.25
2000
725000
523.25
2000
726000
466.16
2000
728000
523.25
1000
730000
523.25
1000
731000
466.16
2000
733500
523.25
2000
734000
466.16
1000
735000
523.25
2500
737000
523.25
500
738500
523.25
1000
739000
523.25
2000
743000
523.25
1500
744000
523.25
500
746000
932.33
3000
749000
523.25
1000
750500
523.25
2000
752500
932.33
3000
754000
523.25
1500
756000
523.25
2000
757000
932.33
1500
760000
523.25
2000
760500
932.33
1000
761500
349.23
1000
764000
932.33
500
765000
349.23
1000
766000
622.25
500
768000
932.33
1000
768500
349.23
1000
769000
622.25
1000
771000
932.33
500
773000
349.23
500
775000
622.25
1000
777000
349.23
2000
778000
622.25
1000
780000
349.23
2000
781000
622.25
1000
782000
523.25
2000
784000
622.25
1000
785333
523.25
1000
785667
523.25
1000
788000
622.25
1333
789000
523.25
333
790000
523.25
1333
792000
622.25
1000
792500
523.25
1000
794500
523.25
2000
795000
523.25
500
797000
523.25
1500
798500
523.25
500
799000
392.0
1000
800500
523.25
1500
802000
392.0
500
803000
523.25
1000
806000
523.25
1500
806500
392.0
1000
807500
523.25
1000
809000
523.25
500
812000
392.0
1000
813000
523.25
500
815000
392.0
3000
817000
523.25
1000
818000
523.25
1000
822000
523.25
2000
822500
523.25
1000
824000
392.0
2000
825500
523.25
500
827000
523.25
1500
828000
392.0
1500
831000
523.25
1500
833000
523.25
1000
835000
392.0
3000
836000
440.0
1000
838500
523.25
2000
839000
392.0
1000
840500
440.0
2000
843000
523.25
500
843500
392.0
1500
845000
440.0
1500
847000
392.0
500
849000
440.0
1500
852000
622.25
1000
853000
440.0
2000
855000
622.25
3000
857500
349.23
1000
858000
440.0
2000
860000
622.25
2500
862000
349.23
500
863000
440.0
2000
866333
622.25
2000
866667
349.23
1000
868000
523.25
1000
869000
622.25
333
872000
349.23
1333
875000
523.25
1000
880000
349.23
3000
884000
349.23
3000
887500
523.25
5000
888000
349.23
2000
891000
349.23
3500
895000
523.25
500
898000
349.23
3000
901000
622.25
4000
902000
523.25
3000
904000
349.23
3000
907000
622.25
1000
911500
466.16
1000
916000
349.23
3000
920000
622.25
4500
921000
466.16
500
927500
349.23
4000
928000
622.25
1000
931000
466.16
3000
935000
349.23
500
936000
622.25
3000
938000
466.16
3000
941000
622.25
1000
942000
466.16
2000
950500
523.25
2000
951000
466.16
1000
955000
523.25
4000
959000
466.16
500
964000
523.25
1000
968000
466.16
4000
972000
523.25
1000
975000
523.25
4000
976000
523.25
1000
977500
523.25
3000
979000
523.25
1000
980000
783.99
1500
983000
523.25
1500
988000
523.25
1000
993500
783.99
2000
995000
523.25
5000
999000
523.25
5500
1004500
783.99
1500
1005000
523.25
4000
1009500
783.99
5000
1015000
783.99
500
1019000
783.99
4500
1023000
622.25
4500
1025000
783.99
4000
1025500
622.25
4000
1026000
349.23
1000
1030000
783.99
500
1031000
622.25
500
1032000
349.23
2000
1043000
783.99
1000
1044000
622.25
1000
1054333
349.23
4000
1054667
622.25
1000
1055000
349.23
4000
1060000
349.23
333
1065000
349.23
333
1070000
349.23
5000
1075000
349.23
5000
1077000
523.25
1000
1077500
349.23
5000
1080000
523.25
1000
1084500
349.23
500
1092000
523.25
500
1096000
349.23
4500
1101500
523.25
5500
1102000
523.25
4000
1107000
523.25
5500
1111500
523.25
500
1117000
523.25
5000
1121000
523.25
4500
1121500
349.23
500
1123000
523.25
4000
1124000
349.23
500
1124500
622.25
500
1126500
523.25
1000
1128500
349.23
500
1129500
622.25
2000
1135000
523.25
2000
1141500
349.23
1000
1143000
622.25
500
1147500
349.23
6500
1153500
622.25
500
1154000
622.25
4500
1159000
622.25
6000
1165000
622.25
500
1165500
622.25
5000
1175000
622.25
6000
1176000
622.25
500
1177000
587.33
4500
1178000
622.25
1000
1180000
587.33
1000
1180500
622.25
1000
1183000
622.25
2000
1184000
587.33
500
1189500
622.25
1500
1197000
622.25
1000
1197500
587.33
5500
1209000
622.25
6500
1210000
587.33
500
1216000
622.25
6500
1222000
622.25
1000
1228000
622.25
6000
1233000
622.25
6000
1234000
622.25
6000
1235000
622.25
5000
1236500
622.25
1000
1237000
622.25
1000
1239000
349.23
1000
1244000
622.25
500
