0
261.63
250
250
261.63
500
750
261.63
250
1000
261.63
1000
2000
261.63
1750
3750
261.63
250
4000
349.23
2000
8000
261.63
1000
9000
349.23
3000
12000
311.13
6000
19000
261.63
1000
20000
349.23
3000
23000
311.13
6000
30000
261.63
250
30250
349.23
3750
34000
311.13
5000
39750
261.63
250
40000
349.23
4000
44000
311.13
4000
49000
261.63
4000
53000
349.23
4000
57000
311.13
1000
61750
261.63
4000
65750
349.23
250
66000
311.13
4000
73250
349.23
250
73500
311.13
3500
80000
349.23
1000
81000
311.13
750
81750
311.13
2000
83750
311.13
3250
87000
311.13
5000
92000
311.13
2000
94000
311.13
3500
97500
349.23
4500
104000
311.13
3000
107000
349.23
5000
113000
311.13
3000
116000
349.23
4000
121000
311.13
3750
124750
349.23
4250
132500
311.13
3500
136000
349.23
1000
139750
311.13
3250
143000
349.23
1000
144000
311.13
2000
146000
349.23
3000
154000
349.23
2000
156000
349.23
3000
159000
349.23
4000
163000
349.23
1250
164250
349.23
3000
167250
349.23
3750
172500
349.23
3000
175500
349.23
3500
180000
349.23
3000
183000
349.23
3000
187000
349.23
3000
190000
349.23
3000
193250
349.23
2750
196000
349.23
3000
200000
349.23
1750
201750
349.23
2250
208000
349.23
2000
210000
349.23
2000
216000
349.23
2000
218000
349.23
2000
220000
349.23
3250
223250
523.25
1750
227000
349.23
3000
230000
523.25
1000
233000
349.23
3000
236000
523.25
1000
239000
349.23
2000
241000
523.25
1000
244000
349.23
2000
246000
523.25
1000
247000
349.23
2000
249000
523.25
2000
253000
349.23
2000
255000
523.25
4000
260000
523.25
1000
261000
523.25
2000
263000
523.25
3000
266000
466.16
1000
267500
523.25
1500
269000
466.16
3500
272500
523.25
500
274000
523.25
2000
276000
466.16
2000
278000
523.25
1000
281000
523.25
2500
283500
466.16
500
284000
523.25
2000
288000
523.25
500
288500
466.16
1500
290000
523.25
2000
294000
523.25
1000
295000
466.16
2000
297000
523.25
2000
301000
523.25
2000
303000
466.16
2000
305000
523.25
4000
310000
466.16
250
310250
523.25
1750
315750
523.25
750
316500
523.25
500
319000
523.25
3000
322000
523.25
1000
323000
523.25
2000
325000
523.25
2500
327500
392.0
500
328250
523.25
2000
330250
523.25
2750
333000
392.0
2000
337000
523.25
2000
339000
523.25
2000
341000
392.0
3000
345750
523.25
1250
347000
523.25
3000
350000
392.0
2000
353000
523.25
3000
356000
523.25
750
356750
392.0
1250
360500
523.25
750
361250
392.0
1750
365000
523.25
2000
367000
392.0
1000
368000
622.25
3750
371750
392.0
1250
373000
622.25
2000
377500
392.0
1500
379000
622.25
1000
383000
392.0
1000
384000
622.25
1000
388000
392.0
250
388250
622.25
1750
392000
392.0
2000
394000
622.25
1000
395000
349.23
3000
400000
392.0
1000
401000
622.25
3000
404000
349.23
1000
406000
622.25
3000
409000
349.23
1000
411000
622.25
2000
413000
349.23
1000
415000
622.25
1500
416500
349.23
500
418500
622.25
500
419000
349.23
2000
421000
523.25
2000
423000
622.25
1000
424000
349.23
2750
426750
523.25
1250
428500
349.23
500
429000
523.25
3000
433000
349.23
1000
434000
523.25
2000
437000
349.23
1000
438000
523.25
2000
440500
349.23
500
441000
523.25
1000
442000
392.0
1750
443750
349.23
1250
445000
523.25
1000
446000
392.0
1750
447750
523.25
250
449000
523.25
1000
450000
392.0
1000
451000
523.25
3000
456000
523.25
1000
457000
392.0
3000
460000
523.25
1000
462000
523.25
1000
463000
392.0
2000
465000
523.25
1000
467750
523.25
2000
469750
392.0
250
470000
523.25
1000
472000
523.25
2000
474000
392.0
1000
475000
523.25
1000
476000
523.25
2000
480000
392.0
1000
481000
523.25
1000
482000
523.25
1000
483000
311.13
3000
487250
523.25
250
487500
523.25
1500
489000
311.13
2000
492000
523.25
250
492250
523.25
1250
493500
311.13
2500
496000
523.25
500
496500
523.25
1500
498000
311.13
1000
502500
523.25
250
502750
523.25
250
503000
311.13
1000
504000
349.23
2000
508750
523.25
250
509000
523.25
1000
510000
311.13
1750
511750
349.23
2250
514000
293.66
2000
517000
523.25
2500
519500
311.13
750
520250
349.23
1750
522000
293.66
2000
524250
311.13
1750
526000
349.23
1250
527250
293.66
3500
530750
311.13
1250
532000
349.23
1750
533750
293.66
3250
538000
311.13
1000
539000
349.23
3000
542000
293.66
1000
543000
349.23
1000
547000
311.13
250
547250
349.23
1500
548750
293.66
2000
550750
349.23
250
552500
349.23
1500
554000
293.66
2500
556500
349.23
500
558000
293.66
1000
559000
349.23
3000
563000
293.66
1000
564000
349.23
3000
568000
293.66
1000
569000
349.23
2000
571000
311.13
500
573000
293.66
1000
574000
349.23
3000
577000
311.13
1000
579000
349.23
2000
581000
311.13
3000
585000
349.23
1250
586250
311.13
2750
590000
349.23
1000
591000
311.13
3000
594250
349.23
1750
596000
311.13
2000
598000
415.3
2000
601000
349.23
3000
604000
311.13
2000
606000
415.3
1000
610000
311.13
1000
611000
415.3
2000
615000
311.13
1000
616000
415.3
1000
619000
311.13
1000
620000
415.3
1250
621250
349.23
1750
623500
311.13
1500
625000
415.3
500
625500
349.23
2500
629000
415.3
1000
630000
349.23
2000
635000
415.3
1000
636000
349.23
1000
638000
415.3
4000
642000
349.23
1000
644750
415.3
3250
648000
349.23
1000
649000
311.13
1000
653000
349.23
1000
654000
311.13
2000
658000
349.23
2000
660000
311.13
2000
663000
349.23
1000
664000
311.13
1000
666250
349.23
3750
670000
311.13
2000
672000
349.23
1750
673750
311.13
3250
677000
349.23
1000
679000
349.23
1500
680500
311.13
3500
684000
349.23
500
684500
311.13
500
687000
311.13
2500
689500
349.23
500
690000
311.13
1000
692000
311.13
2750
694750
349.23
250
695000
311.13
500
697000
311.13
2250
699250
349.23
250
699500
311.13
1500
703000
311.13
4000
707000
349.23
2000
709000
311.13
2000
714500
311.13
1500
716000
349.23
2000
718000
311.13
3000
721000
349.23
1000
724000
349.23
3000
727000
311.13
1000
728000
349.23
2000
730000
466.16
3000
735000
311.13
2500
737500
349.23
500
738000
466.16
2000
742000
311.13
2000
744000
349.23
2000
746000
466.16
3000
751000
311.13
2000
753000
349.23
3000
756000
466.16
1000
759000
311.13
3000
762000
349.23
1000
763000
466.16
2000
768000
311.13
1000
769000
349.23
1750
770750
466.16
2250
773500
311.13
2000
775500
349.23
2500
778000
466.16
2000
780000
415.3
2000
786000
466.16
1250
787250
415.3
2750
793000
466.16
1500
794500
415.3
2500
800000
466.16
1000
801000
415.3
2000
806000
466.16
1000
807000
415.3
2000
811750
466.16
250
812000
415.3
2000
816500
466.16
500
817000
415.3
2000
821000
415.3
2000
823000
311.13
2000
829000
415.3
1500
830500
311.13
2500
836000
415.3
1000
837000
311.13
3000
843000
415.3
750
843750
311.13
2250
849000
415.3
250
849250
311.13
1750
854000
415.3
250
854250
311.13
1750
858500
415.3
250
858750
311.13
2250
861000
349.23
2000
865000
311.13
250
865250
349.23
2750
869000
311.13
1000
870000
349.23
2000
873000
311.13
1000
874000
349.23
2000
880000
311.13
1000
881000
349.23
1000
883750
311.13
3250
887000
349.23
1000
889000
311.13
1750
890750
349.23
3250
895000
349.23
2000
897000
293.66
3000
901000
349.23
1750
902750
293.66
2250
906000
349.23
2000
908000
293.66
2000
910250
349.23
2000
912250
293.66
1750
916000
349.23
500
916500
293.66
2500
922500
349.23
1500
924000
293.66
1000
926500
349.23
3500
930000
293.66
1000
932000
293.66
2000
934000
311.13
3000
938000
293.66
500
938500
311.13
2500
944000
293.66
500
944500
311.13
2500
947000
349.23
2750
949750
293.66
250
950000
311.13
2000
952000
349.23
2750
954750
293.66
2250
957000
311.13
2000
959000
349.23
1000
961500
293.66
500
962000
311.13
2000
964000
349.23
2000
966250
293.66
1750
968000
311.13
4000
972000
349.23
2000
976250
311.13
3750
980000
349.23
1000
981500
311.13
2500
984000
349.23
3000
987750
349.23
250
988000
349.23
2250
990250
349.23
2750
994000
349.23
2000
996000
349.23
3000
999000
349.23
1000
1001750
349.23
2250
1004000
349.23
500
1004500
349.23
1500
1008500
349.23
2000
1010500
349.23
500
1011000
349.23
2000
1014500
349.23
500
1015000
349.23
2750
1017750
349.23
4250
1023500
349.23
500
1024000
349.23
3000
1027000
349.23
4000
1032000
349.23
500
1032500
349.23
2500
1035000
349.23
4000
1040000
349.23
500
1040500
349.23
2500
1043000
349.23
3750
1046750
523.25
750
1047500
349.23
2500
1050000
523.25
3500
1053500
415.3
500
1057000
349.23
3000
1060000
523.25
3000
1063000
415.3
3000
1066000
349.23
1000
1067000
523.25
1500
1068500
415.3
500
1071000
349.23
4750
1075750
523.25
1250
1077000
415.3
1000
1080000
349.23
4000
1084000
523.25
1500
1085500
415.3
500
1088000
349.23
4000
1092000
523.25
1000
1093000
415.3
1000
1096000
523.25
3250
1099250
415.3
750
1100500
415.3
2500
1103000
311.13
3000
1107000
415.3
2000
1109000
311.13
3000
1112000
349.23
500
1114750
415.3
2250
1117000
311.13
3000
1120000
349.23
2000
1124000
415.3
500
1124500
311.13
2500
1127000
349.23
1000
1129000
415.3
2000
1131000
311.13
4500
1135500
349.23
1500
1137500
415.3
2500
1140000
311.13
4000
1144000
349.23
1000
1145500
415.3
2500
1148000
311.13
4000
1152000
349.23
1000
1153000
311.13
2250
1155250
349.23
3750
1159250
349.23
250
1159500
349.23
2500
1162000
349.23
3000
1165000
349.23
500
1165500
261.63
250
1165750
349.23
2250
1171000
261.63
2750
1173750
349.23
2250
1176000
261.63
1000
1178500
349.23
500
1179000
261.63
2250
1181250
349.23
1750
1184000
261.63
2000
1186000
349.23
1000
1187000
261.63
1000
1189500
349.23
3500
1193000
261.63
1000
1194000
261.63
1000
1197000
311.13
3000
1200000
311.13
750
1200750
349.23
250
1203000
311.13
3000
1206000
349.23
500
1206500
261.63
500
1209000
311.13
2500
1211500
349.23
500
1212000
261.63
2000
1214000
311.13
2000
1217000
349.23
1750
1218750
261.63
2000
1220750
311.13
2250
1224000
349.23
2000
1226000
261.63
1000
1227000
311.13
2000
1230000
349.23
1000
1231000
261.63
2000
1233000
311.13
4000
1238000
349.23
2000
1240000
261.63
4000
