0
261.63
500
500
261.63
500
1000
261.63
1000
2000
261.63
500
2500
261.63
1250
3750
261.63
3250
7000
261.63
4750
11750
466.16
250
16000
261.63
4000
20000
466.16
1000
24000
261.63
4000
28000
466.16
1000
29000
466.16
1000
30000
466.16
1000
31000
466.16
3000
34000
466.16
4000
38000
466.16
1000
39000
466.16
3000
42000
466.16
4000
47000
466.16
2750
49750
466.16
3250
53500
466.16
2750
56250
466.16
2750
60000
466.16
500
60500
466.16
500
62000
466.16
1000
63000
466.16
1250
64250
466.16
750
65000
466.16
1000
66000
466.16
2750
68750
261.63
4250
73000
466.16
1000
74000
261.63
2000
76000
466.16
4000
81000
261.63
2000
83000
466.16
3000
86000
261.63
1000
89500
261.63
2500
92000
261.63
1000
93000
261.63
1000
94000
261.63
1000
95000
261.63
1000
97000
261.63
1000
98000
261.63
2750
100750
392.0
3250
104000
261.63
1000
105000
392.0
2250
107250
261.63
2750
111000
261.63
2000
113000
392.0
2500
115500
261.63
500
118000
261.63
2000
120000
392.0
500
120500
261.63
500
122000
392.0
1000
123000
261.63
1500
124500
261.63
1500
128250
261.63
3750
132000
261.63
1000
135000
261.63
3000
138000
261.63
500
138500
261.63
500
139000
261.63
2000
144000
261.63
2000
146000
261.63
3000
149000
261.63
1000
151000
261.63
2000
153000
415.3
2750
155750
415.3
1250
159000
415.3
2000
161000
415.3
1000
162000
261.63
2000
166000
415.3
2000
168000
261.63
2000
171750
415.3
500
172250
261.63
1750
174000
415.3
1000
175000
261.63
1000
176750
261.63
750
177500
261.63
500
179250
261.63
2000
181250
261.63
750
182000
261.63
1000
183000
261.63
2000
185500
261.63
1500
187000
261.63
1000
188000
261.63
500
189750
261.63
250
190000
440.0
2000
192500
440.0
500
193000
440.0
1500
194500
392.0
2500
198000
440.0
2000
200000
392.0
1750
201750
261.63
250
203750
440.0
1250
205000
392.0
1000
207000
261.63
2000
209000
440.0
2000
211000
392.0
2000
214000
261.63
2500
216500
392.0
500
217000
261.63
2000
221000
261.63
250
221250
261.63
1750
223000
261.63
1000
226000
261.63
1000
227000
261.63
1000
228000
261.63
1000
230250
261.63
750
231000
261.63
1000
232000
261.63
1000
235000
349.23
1000
236000
261.63
2000
239500
349.23
250
239750
261.63
250
241000
261.63
2000
243000
349.23
1000
245000
261.63
2000
247000
261.63
1000
249000
349.23
1000
250000
261.63
1000
253000
349.23
1000
254000
261.63
1500
255500
261.63
1500
258000
261.63
1000
259000
261.63
1500
260500
261.63
500
262000
261.63
1000
263000
261.63
2000
265000
261.63
1000
267000
392.0
2000
269000
261.63
1000
271000
392.0
1000
272000
392.0
1000
274250
392.0
750
275000
392.0
1000
276000
392.0
1000
278000
392.0
1000
279000
392.0
250
279250
392.0
750
282000
311.13
1000
283000
392.0
1000
285000
311.13
1000
286000
349.23
1000
287000
392.0
2000
290000
311.13
1000
291000
349.23
2000
293000
311.13
1250
294250
349.23
750
296000
293.66
1000
297000
311.13
1000
298000
349.23
2000
301000
293.66
1000
302000
349.23
2000
304000
349.23
1000
305000
293.66
1500
306500
349.23
250
306750
349.23
1250
308000
293.66
1000
309000
349.23
3000
312000
311.13
1000
313000
293.66
1000
314000
349.23
2000
316000
311.13
500
316500
261.63
500
318000
349.23
1500
319500
311.13
500
320000
261.63
1000
322500
349.23
1500
324000
311.13
2000
326000
261.63
1000
327000
311.13
2000
331500
261.63
500
332000
261.63
1000
333000
415.3
1000
334000
349.23
2000
336500
261.63
500
337000
415.3
1000
338000
349.23
2000
340500
415.3
1500
342000
349.23
1000
343000
349.23
2000
346750
311.13
3250
350000
349.23
500
350500
311.13
2000
352500
349.23
2500
356000
349.23
2000
358000
311.13
1500
359500
349.23
500
362000
349.23
1500
363500
311.13
500
364000
349.23
1000
367250
311.13
2750
370000
349.23
1000
373000
349.23
2000
375000
261.63
1000
378000
349.23
2000
380000
261.63
2000
382000
349.23
2000
385250
261.63
2000
387250
349.23
3750
391000
261.63
1000
394000
261.63
3000
397000
261.63
2000
399000
349.23
3000
402250
261.63
2000
404250
349.23
1750
407000
261.63
1250
408250
349.23
1750
412000
261.63
2000
414000
349.23
1000
417250
349.23
750
418000
311.13
2000
421000
349.23
1000
422000
311.13
1000
424750
349.23
250
425000
311.13
1750
426750
349.23
250
429000
311.13
1000
430000
311.13
2000
433000
311.13
2000
435000
349.23
3000
439000
311.13
2000
441000
349.23
2000
444000
311.13
2000
446000
349.23
2000
449000
311.13
1000
450000
349.23
2000
455000
349.23
2000
457000
349.23
3000
462000
349.23
2000
464000
349.23
2000
467000
349.23
1000
468000
349.23
1000
469000
349.23
1000
471000
261.63
1000
472000
349.23
500
474250
349.23
2750
477000
261.63
1000
478250
349.23
2000
480250
261.63
2750
483500
261.63
2000
485500
261.63
2000
487500
261.63
500
490000
261.63
1750
491750
261.63
250
492500
261.63
1000
493500
261.63
500
494000
261.63
2000
499000
261.63
1250
500250
261.63
250
500500
261.63
2500
505500
261.63
500
506000
392.0
500
508500
261.63
2500
511000
392.0
2000
513000
392.0
2000
515000
261.63
1000
518000
392.0
2000
520000
392.0
1000
521000
261.63
2250
523250
392.0
3750
527000
392.0
1000
528000
392.0
2000
532500
392.0
500
533000
392.0
2500
535500
392.0
2500
540000
392.0
2000
542000
466.16
1000
543000
466.16
500
545000
392.0
250
545250
466.16
1750
547000
466.16
1000
551000
392.0
4500
555500
466.16
500
556000
466.16
1000
559750
466.16
3250
563000
466.16
1000
567000
466.16
3000
570000
466.16
1000
571000
466.16
2750
573750
392.0
3000
576750
466.16
250
577500
392.0
500
578000
261.63
2000
580000
466.16
2000
586000
392.0
1000
587000
261.63
2000
589000
466.16
3000
593000
392.0
2750
595750
261.63
2250
599000
392.0
2250
601250
261.63
2500
603750
261.63
2250
606000
261.63
2000
608500
261.63
500
609000
261.63
1000
610000
261.63
3000
616000
261.63
1000
617000
261.63
2500
619500
261.63
3500
623000
261.63
3000
626000
261.63
2000
628000
261.63
1000
629000
392.0
1000
630000
392.0
1000
634000
392.0
3500
637500
392.0
500
638000
392.0
3000
641000
349.23
3000
644500
392.0
2500
647000
349.23
2750
649750
392.0
250
650500
349.23
500
651000
392.0
1000
652000
349.23
1000
654000
392.0
750
654750
349.23
250
655000
349.23
1000
657000
349.23
2000
659000
349.23
3000
662250
261.63
750
663000
349.23
2000
665000
261.63
2000
667000
349.23
1000
668000
261.63
2000
672000
261.63
250
672250
261.63
1750
676000
261.63
1500
677500
261.63
500
679000
261.63
750
679750
261.63
250
682000
261.63
3000
685000
261.63
1000
688000
261.63
3000
691000
261.63
250
691250
261.63
1750
693000
261.63
2000
696000
261.63
1000
697000
261.63
2000
699500
261.63
1000
700500
415.3
500
702000
261.63
1000
703000
415.3
1000
704000
261.63
1000
705000
415.3
1500
706500
261.63
2250
708750
261.63
750
709500
415.3
1500
713000
261.63
1000
714000
415.3
2000
717000
261.63
500
717500
415.3
1500
719500
261.63
500
720000
261.63
1000
721000
261.63
2250
723250
261.63
500
723750
261.63
250
725000
261.63
2000
727000
261.63
1000
728000
261.63
1000
729000
261.63
1000
730000
261.63
1000
731500
261.63
1500
733000
392.0
2250
735250
392.0
750
738000
392.0
1750
739750
261.63
250
742000
392.0
1000
743000
261.63
500
744750
392.0
1250
746000
261.63
2000
748000
392.0
1000
751750
261.63
1250
753000
261.63
1000
754000
261.63
2000
757000
261.63
1000
758000
466.16
2000
760000
261.63
1000
762000
466.16
1000
763000
261.63
1000
764000
261.63
2000
768750
466.16
1250
770000
261.63
1000
773000
261.63
1000
774000
466.16
2000
776000
261.63
1500
777500
466.16
1500
779000
261.63
2000
782000
261.63
500
782500
261.63
1500
784000
261.63
1000
786000
261.63
1000
787000
261.63
500
787500
261.63
500
788500
261.63
250
788750
261.63
250
789333
261.63
333
789667
261.63
333
790500
261.63
1500
792000
261.63
500
792500
261.63
1500
795000
261.63
1000
796000
261.63
2000
798000
261.63
1000
799000
261.63
500
799500
261.63
1500
801000
261.63
1000
803000
261.63
250
803250
261.63
500
803750
261.63
250
805000
261.63
1750
806750
261.63
250
809000
415.3
1000
810000
261.63
1000
812000
261.63
750
812750
415.3
250
814000
261.63
1000
815000
261.63
500
815500
415.3
500
817000
261.63
1000
818000
261.63
1000
819333
415.3
333
819667
261.63
333
820500
261.63
500
821000
261.63
500
822500
261.63
2750
825250
261.63
3750
830000
261.63
3000
833000
261.63
3000
837000
261.63
2000
839000
261.63
3000
845000
261.63
3000
848000
261.63
1000
850000
261.63
500
850500
392.0
1500
852000
392.0
1000
853500
392.0
3500
857000
392.0
4750
861750
311.13
1000
862750
392.0
3500
866250
311.13
4500
870750
392.0
250
871500
311.13
3500
875000
349.23
4000
879000
392.0
4000
886000
311.13
500
886500
349.23
500
887000
311.13
1000
888000
349.23
2000
893500
311.13
4750
898250
349.23
1000
899250
349.23
3750
907750
349.23
500
908250
349.23
3750
912000
349.23
4000
916500
349.23
3500
920000
293.66
4000
924000
349.23
1000
925500
293.66
500
926000
349.23
1750
927750
293.66
1250
929000
349.23
1250
930250
293.66
250
930500
293.66
500
932250
293.66
750
933000
293.66
750
933750
261.63
750
934500
293.66
500
935000
261.63
1000
936333
293.66
333
936667
261.63
333
937000
293.66
1000
938500
261.63
500
939000
293.66
1000
941000
261.63
500
941500
261.63
1500
943500
261.63
500
944000
261.63
4000
948000
261.63
5000
953000
261.63
1000
954000
261.63
3750
957750
392.0
4750
962500
261.63
250
962750
392.0
4250
971000
261.63
1000
972000
392.0
1000
973000
261.63
1000
974000
392.0
1000
975250
392.0
4000
979250
392.0
5000
984250
392.0
750
985000
392.0
1000
989000
392.0
5000
994000
392.0
500
994500
261.63
500
998750
392.0
4250
1003000
261.63
4000
1007000
392.0
4000
1012000
261.63
1000
1013000
392.0
500
1013500
261.63
1500
1016500
261.63
500
1017000
261.63
1000
1018000
261.63
1000
1020000
261.63
1000
1021000
261.63
500
1021500
261.63
250
1021750
261.63
250
1022000
261.63
500
1022500
261.63
500
1023000
261.63
500
1023500
392.0
250
1023750
261.63
250
1025000
392.0
500
1025500
311.13
500
1027000
261.63
1000
1028000
392.0
2000
1030750
311.13
500
1031250
261.63
1250
1032500
392.0
750
1033250
311.13
500
1033750
311.13
4500
1038250
311.13
5250
1043500
311.13
500
1049000
311.13
5000
1054000
311.13
250
1054250
311.13
4750
1063250
311.13
4500
1067750
311.13
4250
1072000
349.23
1000
1073500
293.66
500
1074000
311.13
1000
1075000
349.23
1000
1077000
293.66
1750
1078750
311.13
1250
1080000
349.23
1000
