 
0 261.63 250
 
250 261.63 250
 
500 261.63 500
 
1000 261.63 500
 
1500 261.63 500
 
2000 261.63 250
 
2250 261.63 250
 
2500 261.63 250
 
2750 261.63 1250
 
4000 261.63 3750
 
7750 261.63 4250
 
13000 261.63 4000
 
17000 261.63 4000
 
22000 261.63 3500
 
25500 261.63 4250
 
29750 261.63 3750
 
33500 261.63 3500
 
37500 261.63 500
 
38000 261.63 500
 
38500 261.63 250
 
38750 261.63 250
 
39000 261.63 1000
 
40000 261.63 1000
 
41000 261.63 3000
 
44000 261.63 4250
 
48250 261.63 750
 
49000 277.18 4000
 
56000 261.63 1000
 
57000 277.18 3000
 
64000 261.63 4000
 
68000 277.18 3000
 
71000 261.63 3000
 
74000 277.18 3500
 
77500 261.63 250
 
77750 277.18 250
 
78250 277.18 500
 
78750 277.18 250
 
79000 277.18 1000
 
80000 277.18 1000
 
81000 277.18 1500
 
82500 277.18 1500
 
84000 277.18 1000
 
85000 349.23 1750
 
86750 277.18 3000
 
89750 349.23 4250
 
94250 277.18 500
 
94750 349.23 3000
 
97750 311.13 3250
 
102000 277.18 3000
 
105000 349.23 3500
 
108500 311.13 500
 
112000 277.18 3000
 
115000 349.23 250
 
115250 311.13 2750
 
121000 349.23 250
 
121250 311.13 500
 
121750 349.23 250
 
122000 311.13 1000
 
123750 311.13 250
 
124000 311.13 1000
 
125000 311.13 1000
 
126000 311.13 500
 
126500 311.13 2500
 
129000 311.13 3250
 
132250 415.3 750
 
133250 311.13 2500
 
135750 415.3 3250
 
139000 349.23 1000
 
142000 311.13 3000
 
145000 415.3 3000
 
148000 349.23 2000
 
153000 311.13 2000
 
155000 415.3 500
 
155500 349.23 500
 
157000 311.13 250
 
157250 415.3 1250
 
158500 349.23 500
 
160000 415.3 2000
 
162000 349.23 4000
 
167000 349.23 2000
 
169000 349.23 3000
 
172000 349.23 500
 
172500 349.23 500
 
173000 311.13 2000
 
178000 349.23 250
 
178250 311.13 250
 
178500 349.23 2500
 
183500 349.23 2500
 
186000 311.13 2000
 
188000 349.23 1000
 
189000 349.23 1000
 
190000 311.13 2000
 
192000 349.23 3000
 
196000 349.23 1750
 
197750 311.13 2250
 
200000 349.23 1000
 
202500 311.13 2250
 
204750 349.23 250
 
207000 349.23 2000
 
209000 349.23 1500
 
210500 349.23 1500
 
212000 349.23 250
 
212250 523.25 750
 
214000 349.23 500
 
214500 523.25 1500
 
217250 349.23 500
 
217750 523.25 1250
 
220000 349.23 1750
 
221750 523.25 2250
 
225000 349.23 1500
 
226500 523.25 2500
 
229000 523.25 250
 
229250 523.25 1750
 
231000 523.25 1000
 
232000 415.3 1000
 
234250 523.25 1750
 
236000 415.3 1000
 
238333 523.25 333
 
238667 415.3 1333
 
240000 311.13 2000
 
242750 523.25 250
 
243000 415.3 2000
 
245000 311.13 3000
 
248000 523.25 1000
 
249000 415.3 1000
 
250000 311.13 3000
 
254000 415.3 1250
 
255250 311.13 2750
 
258000 415.3 2000
 
260000 311.13 1000
 
262000 311.13 1250
 
263250 311.13 1750
 
265000 349.23 1000
 
268000 311.13 2250
 
270250 349.23 1000
 
271250 261.63 1750
 
275000 311.13 500
 
275500 349.23 1500
 
277000 261.63 2000
 
280750 311.13 1250
 
282000 349.23 2000
 
284000 261.63 1000
 
285250 349.23 750
 
286000 261.63 1000
 
288250 349.23 750
 
289000 261.63 1000
 
290750 261.63 500
 
291250 261.63 500
 
291750 349.23 1250
 
295000 261.63 250
 
295250 349.23 750
 
297000 261.63 1750
 
298750 349.23 250
 
300000 261.63 1750
 
301750 349.23 250
 
303000 261.63 1250
 
304250 349.23 1750
 
308000 349.23 1000
 
309000 349.23 500
 
309500 311.13 1500
 
312000 349.23 250
 
312250 311.13 1750
 
316000 349.23 1000
 
317000 311.13 1000
 
318000 415.3 2000
 
320250 349.23 500
 
320750 311.13 1250
 
322000 415.3 2000
 
324250 311.13 1250
 
325500 415.3 1500
 
328250 311.13 1000
 
329250 415.3 1750
 
331000 415.3 2000
 
333000 415.3 1000
 
334250 415.3 1250
 
335500 415.3 500
 
337000 415.3 1000
 
338000 415.3 2000
 
340000 261.63 1000
 
342750 415.3 1750
 
344500 415.3 500
 
345000 261.63 2000
 
348333 415.3 333
 
348667 415.3 1333
 
350000 261.63 1000
 
353000 415.3 1000
 
354000 261.63 1000
 
356250 415.3 2250
 
358500 261.63 500
 
360750 261.63 1750
 
362500 261.63 500
 
364000 261.63 2000
 
366000 261.63 2000
 
369000 261.63 1000
 
370000 261.63 2000
 
372000 392.0 3000
 
376000 261.63 2000
 
378000 261.63 2000
 
380000 392.0 1000
 
382500 261.63 2250
 
384750 261.63 250
 
385000 392.0 2000
 
388500 261.63 500
 
389000 392.0 2000
 
392000 261.63 500
 
392500 392.0 1500
 
394000 392.0 1000
 
395000 261.63 1000
 
397000 392.0 500
 
397500 261.63 500
 
398500 392.0 500
 
399000 261.63 1000
 
401000 392.0 2000
 
403000 261.63 1000
 
405000 261.63 2000
 
407000 261.63 1000
 
408000 261.63 1000
 
410500 261.63 250
 
410750 261.63 1250
 
413000 261.63 1500
 
414500 261.63 500
 
416000 261.63 1000
 
417000 261.63 1000
 
418500 261.63 500
 
419000 261.63 1000
 
421000 261.63 1000
 
422000 261.63 3000
 
425000 392.0 1000
 
428000 261.63 2000
 
430000 392.0 1000
 
432000 261.63 2250
 
434250 392.0 750
 
436500 261.63 1500
 
438000 392.0 500
 
438500 311.13 500
 
440000 261.63 2000
 
442000 392.0 2000
 
444000 311.13 1000
 
446000 392.0 3000
 
449000 311.13 2000
 
452500 392.0 500
 
453000 311.13 1000
 
456000 311.13 250
 
456250 349.23 1750
 
458000 311.13 1000
 
459000 349.23 1000
 
461000 311.13 1000
 
462000 349.23 1000
 
465000 311.13 3000
 
468000 349.23 1000
 
469000 261.63 2000
 
473250 311.13 500
 
473750 349.23 2000
 
475750 261.63 2250
 
480000 349.23 2000
 
482000 261.63 750
 
482750 349.23 1250
 
484000 261.63 2000
 
489000 261.63 1000
 
490000 261.63 2000
 
492000 261.63 2750
 
494750 392.0 1250
 
497250 261.63 2500
 
499750 392.0 250
 
502000 261.63 2000
 
504000 392.0 2000
 
508000 261.63 250
 
508250 392.0 750
 
510000 392.0 2250
 
512250 392.0 3750
 
516000 261.63 1000
 
519000 392.0 3000
 
522000 261.63 1000
 
525000 392.0 3000
 
528000 261.63 3000
 
531000 261.63 2000
 
533500 392.0 500
 
534000 261.63 500
 
534500 261.63 1500
 
537250 392.0 2750
 
540000 261.63 1000
 
541000 261.63 2000
 
545000 261.63 1000
 
546000 261.63 2000
 
549500 261.63 500
 
550000 261.63 1750
 
551750 261.63 1250
 
553000 293.66 2000
 
556500 261.63 500
 
557000 293.66 1000
 
558500 261.63 1000
 
559500 293.66 500
 
561000 261.63 2000
 
563000 293.66 3000
 
567000 261.63 3000
 
570000 293.66 3000
 
573000 293.66 3000
 
576000 293.66 2000
 
578000 293.66 1000
 
579000 261.63 2000
 
583000 293.66 1000
 
584000 261.63 750
 
584750 293.66 1250
 
586000 261.63 2000
 
590750 293.66 1000
 
591750 261.63 2250
 
596000 261.63 1000
 
597000 261.63 2000
 
599000 261.63 2000
 
601000 261.63 500
 
601500 261.63 1750
 
603250 261.63 2250
 
605500 261.63 500
 
606000 261.63 1750
 
607750 261.63 1250
 
609000 261.63 1000
 
611000 261.63 1000
 
612000 261.63 1000
 
613250 261.63 750
 
614000 261.63 1000
 
615250 261.63 500
 
615750 261.63 250
 
616000 392.0 1000
 
619250 261.63 3000
 
622250 392.0 750
 
623000 261.63 2000
 
628000 261.63 1000
 
629000 392.0 2000
 
631000 261.63 2000
 
634000 261.63 2000
 
636000 392.0 2000
 
638000 261.63 750
 
638750 392.0 250
 
639000 261.63 1000
 
642250 261.63 2750
 
645000 261.63 1000
 
646000 261.63 2000
 
648000 261.63 3000
 
651000 261.63 500
 
651500 261.63 2500
 
656000 261.63 2000
 
658000 261.63 2000
 
662250 261.63 1750
 
664000 261.63 1000
 
665750 261.63 250
 
666000 261.63 1000
 
668500 261.63 250
 
668750 261.63 1250
 
670000 261.63 500
 
670500 392.0 500
 
671750 261.63 250
 
672000 392.0 1000
 
675000 261.63 3000
 
678000 392.0 1000
 
681750 261.63 3250
 
685000 392.0 500
 
687500 261.63 2500
 
690000 392.0 500
 
690500 349.23 2500
 
695000 392.0 2250
 
697250 349.23 2500
 
699750 392.0 250
 
700000 349.23 500
 
701250 392.0 1750
 
703000 349.23 3000
 
707000 349.23 2000
 
709000 349.23 3000
 
712000 349.23 2500
 
714500 349.23 2250
 
716750 311.13 250
 
719000 349.23 2000
 
721000 311.13 750
 
721750 349.23 1250
 
723000 311.13 1000
 
725000 349.23 1000
 
726000 311.13 1000
 
728000 349.23 1000
 
729000 311.13 500
 
730000 311.13 2000
 
732000 311.13 2750
 
734750 261.63 250
 
736000 311.13 2000
 
738000 261.63 2000
 
741000 311.13 2000
 
743000 261.63 2000
 
745000 311.13 2000
 
747000 261.63 1750
 
748750 261.63 250
 
751000 311.13 1000
 
752000 261.63 1000
 
753000 261.63 1000
 
756000 261.63 1000
 
757000 261.63 500
 
758500 261.63 500
 
759000 261.63 1000
 
760500 261.63 500
 
761000 261.63 1000
 
763000 261.63 2000
 
765000 261.63 3000
 
768000 261.63 1000
 
769000 261.63 2000
 
771000 277.18 3000
 
776000 261.63 2250
 
778250 277.18 750
 
780750 261.63 1750
 
782500 277.18 500
 
784000 261.63 500
 
784500 277.18 500
 
786000 277.18 500
 
786500 277.18 500
 
787000 277.18 1000
 
788000 311.13 1000
 
791000 277.18 3000
 
794000 311.13 1000
 
795000 277.18 2250
 
797250 311.13 2750
 
801000 277.18 2000
 
803000 311.13 2500
 
805500 349.23 500
 
808000 277.18 2500
 
810500 311.13 250
 
810750 349.23 250
 
813000 311.13 1500
 
814500 349.23 2500
 
818000 311.13 2000
 
820000 349.23 3000
 
824000 311.13 1500
 
825500 349.23 2500
 
830000 349.23 2000
 
832000 349.23 250
 
832250 415.3 1750
 
836000 349.23 1000
 
837000 415.3 1000
 
839500 349.23 1500
 
841000 415.3 1000
 
843000 349.23 1000
 
844000 415.3 1000
 
848000 349.23 500
 
848500 415.3 1500
 
850000 392.0 2000
 
852500 415.3 500
 
853000 392.0 1000
 
856000 415.3 1000
 
857000 392.0 1000
 
859500 415.3 250
 
859750 392.0 1250
 
862000 392.0 1500
 
863500 392.0 500
 
864000 392.0 1000
 
865000 392.0 1000
 
866000 261.63 1000
 
867000 392.0 1000
 
868000 261.63 1000
 
870000 392.0 1000
 
871000 261.63 3000
 
874000 261.63 1000
 
876000 392.0 2000
 
878000 261.63 1000
 
879000 261.63 1000
 
882000 261.63 500
 
882500 261.63 1500
 
885500 261.63 500
 
886000 261.63 1000
 
888000 261.63 2000
 
890000 261.63 1000
 
891000 261.63 1000
 
892000 261.63 2000
 
894000 392.0 1000
 
896000 261.63 1000
 
897000 392.0 1000
 
899000 261.63 2500
 
901500 392.0 1500
 
904000 261.63 1000
 
905000 392.0 1000
 
907000 261.63 2000
 
909000 392.0 1000
 
911000 392.0 1000
 
912000 392.0 500
 
912500 261.63 500
 
914000 392.0 1000
 
915000 261.63 1000
 
916500 392.0 750
 
917250 261.63 750
 
918000 311.13 2000
 
921000 392.0 1000
 
922000 261.63 1000
 
923000 311.13 1000
 
924500 392.0 1250
 
925750 261.63 250
 
926000 311.13 1000
 
928000 261.63 1500
 
929500 311.13 500
 
931000 261.63 1000
 
932000 311.13 1000
 
934000 311.13 1000
 
935000 349.23 1000
 
937000 311.13 1500
 
938500 349.23 2500
 
942000 311.13 1000
 
943000 349.23 2000
 
946750 311.13 1250
 
948000 349.23 1000
 
949000 293.66 1000
 
951000 311.13 1000
 
952000 349.23 1000
 
953000 293.66 1000
 
955000 349.23 1000
 
956000 293.66 1000
 
958000 349.23 1000
 
959000 293.66 1000
 
963000 293.66 500
 
963500 293.66 1500
 
965000 261.63 2000
 
967500 293.66 1500
 
969000 261.63 2000
 
971000 293.66 1000
 
972000 261.63 2000
 
975250 293.66 500
 
975750 261.63 1250
 
977000 349.23 1000
 
979000 261.63 1000
 
980000 349.23 1000
 
981500 261.63 500
 
982000 349.23 3000
 
988000 261.63 1000
 
989000 349.23 3000
 
994750 261.63 500
 
995250 349.23 2500
 
997750 311.13 3250
 
1001000 349.23 2250
 
1003250 311.13 2750
 
1006500 349.23 250
 
1006750 311.13 250
 
1007000 392.0 1000
 
1011000 349.23 3750
 
1014750 311.13 1250
 
1016000 392.0 3000
 
1022000 311.13 500
 
1022500 392.0 2500
 
1028000 311.13 1000
 
1029000 392.0 2500
 
1031500 311.13 2500
 
1037000 311.13 2500
 
1039500 392.0 500
 
1040000 311.13 1000
 
1041000 392.0 1000
 
1042000 311.13 3000
 
1050000 392.0 500
 
1050500 311.13 3500
 
1054000 349.23 4000
 
1062000 311.13 3000
 
1065000 349.23 1000
 
1069000 311.13 3250
 
1072250 349.23 3750
 
1078000 311.13 1000
 
1079000 349.23 750
 
1079750 311.13 250
 
1080000 349.23 500
 
1080500 261.63 1500
 
1082000 349.23 1000
 
1083000 261.63 1750
 
1084750 349.23 1250
 
1086000 261.63 1000
 
1087500 349.23 500
 
1088000 261.63 1000
 
1089000 349.23 1000
 
1090000 349.23 500
 
1090500 261.63 500
 
1091000 349.23 750
 
1091750 261.63 250
 
1092000 349.23 1000
 
1093500 261.63 500
 
1094000 349.23 2000
 
1096000 349.23 1000
 
1097000 349.23 1500
 
1098500 311.13 500
 
1099500 349.23 500
 
1100000 311.13 1000
 
1101500 349.23 500
 
1102000 311.13 1000
 
1103000 349.23 250
 
1103250 311.13 500
 
1103750 466.16 250
 
1104250 311.13 250
 
1104500 466.16 500
 
1105500 311.13 500
 
1106000 466.16 750
 
1106750 311.13 250
 
1107000 466.16 1000
 
1108500 466.16 250
 
1108750 466.16 1250
 
1110000 466.16 500
 
1110500 466.16 500
 
1111000 466.16 1750
 
1112750 349.23 250
 
1113500 466.16 500
 
1114000 349.23 1000
 
1115500 466.16 500
 
1116000 349.23 750
 
1116750 466.16 250
 
1117000 349.23 1000
 
1118000 466.16 500
 
1118500 349.23 500
 
1119500 349.23 250
 
1119750 349.23 250
 
1120000 349.23 250
 
1120250 349.23 500
 
1120750 349.23 250
 
1121000 311.13 500
 
1122000 349.23 1000
 
1123000 311.13 1000
 
1124000 349.23 1000
 
1125000 311.13 500
 
1127000 349.23 500
 
1127500 311.13 500
 
1129000 349.23 500
 
1129500 311.13 500
 
1130500 311.13 500
 
1131000 311.13 1000
 
1132000 311.13 250
 
1132250 311.13 500
 
1132750 311.13 250
 
1133000 311.13 250
 
1133250 311.13 250
 
1133500 261.63 500
 
1134500 311.13 500
 
1135000 261.63 1000
 
1136500 311.13 500
 
1137000 261.63 1000
 
1139000 311.13 500
 
1139500 261.63 500
 
1141000 261.63 1000
 
1142000 261.63 1000
 
1143000 261.63 1000
 
1144000 261.63 1000
 
1145000 261.63 1000
 
1146000 261.63 1000
 
1147000 261.63 1000
 
1148000 261.63 500
 
1148500 261.63 250
 
1148750 261.63 250
 
1149000 261.63 250
 
1149250 349.23 250
 
1149500 311.13 500
 
1150500 261.63 500
 
1151000 349.23 500
 
1151500 311.13 1500
 
1153000 261.63 2000
 
1155000 349.23 1000
 
1156000 311.13 1000
 
1158000 261.63 1000
 
1159000 349.23 1000
 
1160000 311.13 1000
 
1162000 349.23 500
 
1162500 311.13 500
 
1163000 311.13 1000
 
1164000 311.13 1000
 
1165000 311.13 500
 
1165500 311.13 500
 
1166000 311.13 500
 
1166500 311.13 500
 
1167000 311.13 500
 
1167500 311.13 250
 
1167750 311.13 250
 
1168000 311.13 250
 
1168250 311.13 250
 
1168500 311.13 500
 
1169000 311.13 1000
 
1170000 415.3 1000
 
1171250 311.13 1750
 
1173000 415.3 1000
 
1174000 349.23 500
 
1174500 311.13 500
