 
0 130.81 500
 
500 130.81 500
 
1000 130.81 500
 
1500 130.81 500
 
2000 130.81 250
 
2250 130.81 1250
 
3500 130.81 500
 
4000 87.31 1000
 
6000 130.81 4000
 
10000 87.31 5000
 
15000 155.56 1000
 
19000 130.81 4500
 
23500 87.31 500
 
24000 155.56 4000
 
31000 130.81 1000
 
32000 87.31 500
 
32500 155.56 500
 
34000 155.56 1000
 
35000 155.56 3000
 
38000 155.56 5000
 
43000 155.56 750
 
43750 155.56 3250
 
47000 155.56 3750
 
50750 155.56 250
 
51000 98.0 4000
 
58000 155.56 3250
 
61250 98.0 2750
 
65000 155.56 500
 
65500 98.0 500
 
67000 155.56 3000
 
70000 98.0 4000
 
75000 98.0 2000
 
77000 98.0 3000
 
80000 98.0 1000
 
81000 98.0 2000
 
83000 98.0 3250
 
86250 92.5 750
 
97000 98.0 1000
 
98000 92.5 2000
 
101000 92.5 250
 
101250 92.5 2750
 
104000 92.5 3000
 
107000 92.5 1000
 
108000 130.81 2000
 
113000 92.5 1000
 
114000 130.81 2000
 
118000 92.5 1000
 
119000 130.81 2000
 
121000 155.56 2000
 
123500 92.5 500
 
124000 130.81 1000
 
125000 155.56 1000
 
128000 130.81 1000
 
129000 155.56 1000
 
131000 130.81 1000
 
132000 155.56 1000
 
134250 155.56 2500
 
136750 155.56 1000
 
137750 155.56 1500
 
139250 155.56 1750
 
141000 87.31 1000
 
143500 155.56 1500
 
145000 87.31 1000
 
147000 155.56 1250
 
148250 87.31 1750
 
150000 130.81 2000
 
152000 155.56 1000
 
153000 87.31 1750
 
154750 130.81 2250
 
158000 87.31 500
 
158500 130.81 1500
 
162500 87.31 500
 
163000 130.81 500
 
165000 130.81 2000
 
167000 87.31 1000
 
169000 130.81 2000
 
171000 87.31 1000
 
172000 155.56 1000
 
174000 130.81 500
 
174500 87.31 500
 
175000 155.56 2000
 
179000 130.81 1000
 
180000 87.31 1000
 
181000 155.56 2000
 
183500 87.31 1500
 
185000 155.56 2000
 
188000 155.56 1000
 
189000 155.56 1000
 
190000 87.31 1000
 
192000 155.56 2000
 
194000 87.31 1000
 
195000 155.56 2000
 
198500 155.56 500
 
199000 87.31 1500
 
200500 155.56 1500
 
202250 155.56 1250
 
203500 87.31 500
 
204000 155.56 1000
 
206000 87.31 1000
 
207000 155.56 1000
 
210750 155.56 750
 
211500 130.81 500
 
212000 87.31 1000
 
215000 155.56 1000
 
216000 130.81 2000
 
218000 87.31 1000
 
220000 155.56 1000
 
221000 130.81 1000
 
222000 87.31 1000
 
224000 130.81 500
 
224500 87.31 1500
 
226000 155.56 1000
 
227000 87.31 1750
 
228750 155.56 2250
 
231000 87.31 1000
 
233500 87.31 2500
 
236000 155.56 2000
 
238000 87.31 1000
 
239500 87.31 1500
 
241000 155.56 1000
 
242000 87.31 2000
 
246000 155.56 1000
 
247000 87.31 500
 
248500 87.31 750
 
249250 87.31 500
 
249750 130.81 1250
 
254000 87.31 1000
 
255000 130.81 1250
 
256250 155.56 1750
 
259000 87.31 1250
 
260250 130.81 1750
 
262000 155.56 2000
 
265000 87.31 1000
 
266000 130.81 2000
 
268000 155.56 2000
 
270750 130.81 1250
 
272000 155.56 2000
 
275750 155.56 1250
 
277000 87.31 2000
 
280750 155.56 3000
 
283750 87.31 1250
 
287000 155.56 2500
 
289500 87.31 500
 
290000 130.81 2000
 
294000 155.56 1000
 
295000 87.31 2000
 
297000 130.81 2000
 
300500 87.31 1500
 
302000 130.81 3000
 
306000 87.31 2000
 
308000 130.81 2000
 
311000 130.81 1250
 
312250 130.81 1750
 
314500 130.81 1500
 
316000 130.81 2000
 
318000 130.81 1000
 
319000 130.81 2000
 
322750 130.81 750
 
323500 130.81 1500
 
325000 98.0 2000
 
327000 130.81 1250
 
328250 98.0 1750
 
331000 130.81 500
 
331500 98.0 1500
 
333500 130.81 250
 
333750 98.0 1250
 
335000 98.0 1000
 
336000 98.0 1250
 
337250 130.81 2750
 
340000 98.0 1000
 
341000 130.81 1000
 
344250 98.0 500
 
344750 130.81 1250
 
348000 98.0 1500
 
349500 130.81 1500
 
352000 130.81 500
 
352500 130.81 750
 
353250 130.81 750
 
354500 130.81 1500
 
356000 130.81 2000
 
358500 130.81 500
 
359000 130.81 1000
 
362250 130.81 250
 
362500 116.54 1500
 
365000 130.81 2000
 
367000 116.54 1000
 
370000 130.81 1000
 
371000 116.54 1750
 
372750 87.31 2250
 
375000 130.81 1000
 
376000 116.54 2000
 
378000 87.31 1000
 
380000 116.54 1000
 
381000 87.31 1000
 
382500 116.54 750
 
383250 87.31 750
 
385000 87.31 1500
 
386500 155.56 3250
 
389750 87.31 250
 
390000 155.56 2000
 
392000 130.81 3000
 
395250 87.31 1750
 
397000 155.56 2000
 
399000 130.81 1000
 
401000 87.31 1750
 
402750 155.56 250
 
403000 130.81 1000
 
406250 130.81 2750
 
409000 146.83 1000
 
412000 130.81 2000
 
414000 146.83 1000
 
417000 130.81 2000
 
419000 146.83 2000
 
423000 130.81 1000
 
424000 146.83 1000
 
425000 130.81 2000
 
430250 146.83 750
 
431000 130.81 1000
 
433750 146.83 3250
 
437000 130.81 500
 
437500 87.31 2500
 
442000 146.83 1000
 
443000 130.81 2000
 
445000 87.31 2000
 
447500 130.81 500
 
448000 87.31 1000
 
449500 130.81 1250
 
450750 87.31 1250
 
453000 87.31 500
 
453500 87.31 500
 
454000 155.56 3000
 
461000 87.31 1000
 
462000 155.56 3000
 
468000 87.31 500
 
468500 155.56 2500
 
474000 87.31 500
 
474500 155.56 2500
 
479750 155.56 250
 
480000 155.56 500
 
480500 146.83 500
 
481000 87.31 1000
 
484750 155.56 3250
 
488000 146.83 1000
 
489000 87.31 3000
 
495000 155.56 3000
 
498000 146.83 2500
 
500500 87.31 500
 
503000 155.56 3000
 
506000 146.83 500
 
506500 87.31 1500
 
510000 87.31 500
 
510500 87.31 500
 
511000 87.31 1000
 
512000 155.56 1000
 
513000 87.31 1000
 
514000 155.56 1000
 
517000 87.31 3000
 
520000 155.56 1250
 
521250 146.83 2750
 
526000 87.31 1000
 
527000 155.56 2000
 
529000 146.83 2750
 
531750 155.56 2250
 
534000 146.83 2000
 
537000 155.56 1000
 
538000 146.83 1000
 
540000 146.83 750
 
540750 146.83 250
 
541000 146.83 1000
 
542000 146.83 1000
 
543000 87.31 1000
 
546000 146.83 3000
 
549000 87.31 1000
 
552000 146.83 3250
 
555250 87.31 750
 
558250 146.83 2750
 
561000 87.31 2000
 
565000 87.31 1000
 
566000 87.31 1500
 
567500 87.31 500
 
568000 155.56 1000
 
570000 87.31 1000
 
571000 155.56 1000
 
572000 87.31 1000
 
573000 155.56 2000
 
578500 87.31 500
 
579000 155.56 1000
 
580000 98.0 2000
 
585000 155.56 1000
 
586000 98.0 2000
 
591000 155.56 2000
 
593000 98.0 3000
 
596000 155.56 500
 
596500 98.0 1500
 
600000 98.0 3500
 
603500 98.0 1000
 
604500 98.0 2250
 
606750 92.5 3250
 
610250 98.0 2750
 
613000 92.5 2000
 
615500 98.0 2500
 
618000 92.5 1750
 
619750 155.56 250
 
621000 98.0 1000
 
622000 92.5 1250
 
623250 155.56 1250
 
624500 92.5 500
 
625000 155.56 1000
 
626750 92.5 2250
 
629000 155.56 3000
 
632250 155.56 750
 
633000 155.56 2000
 
635000 155.56 3000
 
638000 130.81 1000
 
640750 155.56 2250
 
643000 130.81 500
 
645500 155.56 1500
 
647000 130.81 1000
 
648000 87.31 2000
 
652000 155.56 3000
 
655000 130.81 1250
 
656250 87.31 2750
 
661750 130.81 250
 
662000 87.31 3000
 
667000 130.81 1000
 
668000 87.31 2000
 
672250 87.31 2750
 
675000 87.31 1000
 
676000 87.31 1000
 
677000 155.56 1000
 
680250 87.31 2750
 
683000 155.56 2000
 
686500 87.31 2500
 
689000 155.56 1000
 
692000 87.31 2000
 
694000 155.56 1000
 
696500 155.56 1500
 
698000 155.56 1000
 
699000 155.56 1000
 
700000 130.81 2000
 
704000 155.56 1000
 
705000 130.81 1000
 
708000 155.56 500
 
708500 130.81 1500
 
710000 155.56 1000
 
713000 155.56 250
 
713250 130.81 1750
 
715000 155.56 1000
 
718000 130.81 250
 
718250 155.56 750
 
719500 130.81 250
 
719750 155.56 1250
 
721750 155.56 2000
 
723750 155.56 750
 
724500 130.81 1500
 
727000 155.56 500
 
727500 130.81 1250
 
728750 155.56 1250
 
730000 130.81 500
 
731000 155.56 500
 
731500 130.81 500
 
733000 155.56 1000
 
734000 130.81 1000
 
737000 130.81 1000
 
738000 130.81 1000
 
739000 130.81 2000
 
741000 130.81 1000
 
742000 130.81 1000
 
744000 130.81 1000
 
745000 130.81 2000
 
748000 130.81 1000
 
749000 130.81 1000
 
751000 130.81 1000
 
752000 130.81 1000
 
753000 130.81 250
 
753250 87.31 1750
 
755000 130.81 1000
 
756000 87.31 1000
 
758000 130.81 1000
 
759000 87.31 1000
 
761000 87.31 1000
 
762000 130.81 1000
 
764000 87.31 1000
 
765000 130.81 1000
 
767000 87.31 500
 
767500 130.81 500
 
769000 87.31 2000
 
771000 130.81 1000
 
772000 130.81 500
 
773250 130.81 1750
 
775000 130.81 1000
 
776500 130.81 1000
 
777500 130.81 500
 
778000 155.56 1000
 
780000 130.81 1000
 
781000 130.81 750
 
781750 155.56 1250
 
785000 130.81 250
 
785250 155.56 750
 
786000 130.81 1000
 
789000 130.81 1000
 
790000 155.56 1000
 
791000 130.81 1000
 
792250 155.56 1000
 
793250 130.81 750
 
795000 155.56 1000
 
796000 130.81 500
 
796500 130.81 500
 
798000 130.81 1000
 
799000 130.81 1750
 
800750 87.31 3250
 
804000 130.81 1000
 
805000 130.81 2000
 
807000 87.31 2000
 
810000 130.81 1750
 
811750 130.81 2250
 
814000 87.31 2000
 
816000 130.81 2000
 
819500 130.81 1500
 
821000 87.31 1000
 
822000 130.81 2000
 
824000 87.31 4000
 
828500 87.31 2250
 
830750 130.81 2250
 
833000 87.31 1000
 
836000 87.31 2500
 
838500 130.81 250
 
838750 87.31 2250
 
841000 155.56 2000
 
843250 130.81 1750
 
845000 87.31 2000
 
847000 155.56 3750
 
850750 116.54 1250
 
854000 87.31 3000
 
857000 155.56 1000
 
858000 116.54 2000
 
860000 87.31 3000
 
864000 155.56 2000
 
866000 116.54 2000
 
868000 87.31 1000
 
869000 155.56 250
 
869250 116.54 1250
 
870500 87.31 500
 
872250 116.54 750
 
873000 87.31 500
 
873500 130.81 500
 
875000 87.31 750
 
875750 130.81 1250
 
877000 116.54 3000
 
881000 87.31 2000
 
883000 130.81 2000
 
885000 116.54 1000
 
887000 87.31 2000
 
889000 130.81 250
 
889250 116.54 1750
 
892000 130.81 2000
 
894000 116.54 6000
 
900000 155.56 7000
 
908000 116.54 6000
 
914000 155.56 7000
 
921000 116.54 6000
 
927000 155.56 6250
 
933250 87.31 750
 
940000 116.54 5000
 
945000 155.56 1000
 
946000 87.31 1000
 
947500 155.56 500
 
948000 87.31 1000
 
949000 155.56 1000
 
950000 87.31 1000
 
956000 155.56 5750
 
961750 87.31 1250
 
967000 87.31 6000
 
973000 130.81 1000
 
978000 87.31 5000
 
983000 130.81 1000
 
988000 87.31 4750
 
992750 130.81 250
 
993500 87.31 500
 
994000 130.81 1000
 
995500 130.81 500
 
996000 130.81 1250
 
997250 87.31 750
 
999000 130.81 1000
 
1000000 87.31 1000
 
1002000 130.81 250
 
1002250 87.31 4750
 
1013000 130.81 1000
 
1014000 87.31 5000
 
1025000 87.31 1000
 
1026000 87.31 5000
 
1031000 87.31 5000
 
1036000 87.31 5000
 
1041000 155.56 5000
 
1047000 87.31 500
 
1047500 155.56 500
 
1048500 87.31 500
 
1049000 155.56 1500
 
1050500 130.81 500
 
1052000 155.56 1000
 
1053000 130.81 1000
 
1054500 155.56 500
 
1055000 130.81 6000
 
1067000 155.56 250
 
1067250 130.81 750
 
1073000 130.81 6000
 
1079000 116.54 1000
 
1085000 130.81 6000
 
1091000 116.54 6000
 
1102000 130.81 500
 
1102500 116.54 500
 
1104000 130.81 500
 
1104500 116.54 500
 
1106000 116.54 1000
 
1107000 116.54 6000
 
1113000 116.54 6250
 
1119250 116.54 750
 
1120000 116.54 6000
 
1126000 116.54 6000
 
1132000 116.54 1000
 
1133000 116.54 5250
 
1138250 116.54 5750
 
1144000 116.54 250
 
1144250 116.54 5750
 
1150000 116.54 5000
 
1155000 130.81 1000
 
1156500 116.54 500
 
1157000 130.81 1000
 
1158500 116.54 500
 
1159000 130.81 500
 
1160750 116.54 500
 
1161250 130.81 1750
 
1164000 130.81 500
 
1164500 130.81 1250
 
1165750 130.81 250
 
1166000 130.81 1000
 
1167000 130.81 1000
 
1168000 130.81 1000
 
1169000 130.81 6000
 
1175000 130.81 6500
 
1181500 130.81 500
 
1182000 130.81 6000
 
1194000 130.81 1000
 
1195000 130.81 6000
 
1206750 130.81 250
 
1207000 130.81 5750
 
1212750 87.31 5250
 
1219000 130.81 500
 
1219500 130.81 500
 
1220000 87.31 1000
 
1221500 130.81 500
 
1222000 87.31 500
 
1223500 130.81 250
 
1223750 87.31 1250
 
1225500 87.31 500
 
1226000 87.31 1000
 
1227000 87.31 250
 
1227250 87.31 500
 
1227750 87.31 250
 
1228000 87.31 2000
 
1230000 87.31 1000
 
1231000 87.31 2000
 
1233000 87.31 750
 
1233750 87.31 1000
 
1234750 87.31 2250
 
1237000 87.31 1000
